58599.8191038079 0.0563981597222222 -0.0563981597222222 0.31119 0 0
58600.1462072801 0.00046431712962963 -0.00046431712962963 0.21293 0 0
58601.3443484178 0.00046431712962963 -0.00046431712962963 0.21294 0 0
58601.3504915544 0.00046431712962963 -0.00046431712962963 0.19035 0 0
58604.9905126551 0.00296001157407407 -0.00296001157407407 0.033577 0 0
58605.5210972384 0.0029309837962963 -0.0029309837962963 0.029946 0 0
59075.1445373241 0.00724040509259259 -0.00724040509259259 0.014377 0 0
59078.7169234977 0.0035984375 -0.0035984375 0.021236 0 0
59082.6370111748 0.00921375 -0.00921375 0.0091269 0 0
59089.800018713 0.00799491898148148 -0.00799491898148148 0.013499 0 0
59096.133733331 0.101372256944444 -0.101372256944444 0.0078757 0 0
59103.5600658229 0.0382231481481481 -0.0382231481481481 0.016636 0 0
59123.6120638623 0.00915570601851852 -0.00915570601851852 0.0086345 0 0
59130.3491613958 0.101902164351852 -0.101902164351852 0.0067165 0 0
59142.3797387998 0.00796590277777778 -0.00796590277777778 0.0093567 0 0
59144.5321467697 0.0383563888888889 -0.0383563888888889 0.0066971 0 0
59151.5327046875 0.00793688657407407 -0.00793688657407407 0.023335 0 0
59250.1798091678 0.0712653819444444 -0.0712653819444444 0.0042495 0 0
59664.453047897 0.00491883101851852 -0.00491883101851852 0.015453 0 0